0.0000000000000000001
0.20 -0.8047189562170501400 -0.8047189562170501400 41
0.25 -0.6931471805599456200 -0.6931471805599452900 33
0.30 -0.6019864021629677300 -0.6019864021629680600 27
0.35 -0.5249110622493387000 -0.5249110622493389200 23
0.40 -0.4581453659370775500 -0.4581453659370775500 20
0.45 -0.3992538481088858700 -0.3992538481088858700 18
0.50 -0.3465735902799725900 -0.3465735902799727000 16
0.55 -0.2989185003778103700 -0.2989185003778102600 14
0.60 -0.2554128118829952500 -0.2554128118829953600 13
0.65 -0.2153914580462271400 -0.2153914580462271100 12
0.70 -0.1783374719693661400 -0.1783374719693661400 10
