0.0000000000000002
0.20 -0.8047189562170503 -0.8047189562170501 39
0.25 -0.6931471805599456 -0.6931471805599453 32
0.30 -0.6019864021629677 -0.6019864021629681 26
0.35 -0.5249110622493387 -0.5249110622493389 22
0.40 -0.4581453659370776 -0.4581453659370776 19
0.45 -0.3992538481088859 -0.3992538481088859 17
0.50 -0.3465735902799725 -0.3465735902799727 15
0.55 -0.2989185003778104 -0.2989185003778103 13
0.60 -0.2554128118829952 -0.2554128118829954 12
0.65 -0.2153914580462272 -0.2153914580462271 11
0.70 -0.1783374719693661 -0.1783374719693661 10
